o <- 4

o = 5

o = o + 5

o = o / o

die <- 1:6
p <- c(1/6, 1/6, 1/6, 1/6, 1/6, 1/6)
